,ALL 19769 TA+ Norel,ALL SH 15,ALL SH 12,ALL SH 6,ALL 1319 TA- (ML) Norel,ALL 1101 TA- (ML) Norel,ALL 1275 TA+ (ML) Norel,ALL 1256 TA+ (ML) Norel,ALL 1457 ML,ALL 1486 ML,ALL 522 TA- (ML) Norel,ALL 1421 ML,ALL 1305 ML,ALL 1234 ML,ALL R28 (ML) Relap,ALL 23368 TA- Norel,ALL 16125 TA- Norel,ALL 1245 TA- Norel,ALL 4466 Norel,ALL 406 TA+ (ML) Norel,ALL 1425 ML,AML 11 (ML),AML 25 ML,AML 17 ML,AML SH 18,AML SH 16,AML SH 14,AML 19 (PK) Norel,AML SH 5,AML 9 (PK) Relap,AML 10 (PK) Relap,AML 15 (PK) Norel,AML 12 (ML),AML SH 13,AML 5 (ML) Relap
U46499_at,44.0,38.0,167.0,27.0,34.0,20.0,94.0,20.0,43.0,20.0,38.0,20.0,165.0,45.0,92.0,70.0,63.0,24.0,70.0,91.0,20.0,2767.0,163.0,1550.0,3166.0,1568.0,1480.0,1233.0,643.0,1582.0,1269.0,892.0,1415.0,1267.0,1121.0
M84526_at,20.0,20.0,20.0,20.0,20.0,115.0,20.0,20.0,20.0,20.0,149.0,20.0,20.0,20.0,20.0,20.0,203.0,20.0,20.0,20.0,20.0,7924.0,20.0,4667.0,2130.0,3717.0,5903.0,16000.0,4366.0,6595.0,9851.0,7213.0,2705.0,10120.0,5249.0
X95735_at,298.0,373.0,162.0,878.0,395.0,1931.0,417.0,509.0,43.0,28.0,2451.0,20.0,20.0,252.0,20.0,805.0,399.0,92.0,105.0,178.0,20.0,5949.0,543.0,2194.0,3186.0,2122.0,2871.0,3870.0,4403.0,5814.0,2335.0,2007.0,4174.0,2287.0,7133.0
M63959_at,468.0,856.0,576.0,751.0,1158.0,934.0,811.0,792.0,366.0,613.0,791.0,338.0,249.0,432.0,814.0,1207.0,588.0,832.0,426.0,444.0,334.0,1690.0,925.0,908.0,1046.0,1620.0,936.0,1731.0,2300.0,1821.0,1723.0,2080.0,1371.0,1100.0,1846.0
M19507_at,56.0,2681.0,296.0,2269.0,777.0,87.0,311.0,20.0,917.0,20.0,20.0,20.0,1213.0,20.0,1293.0,199.0,706.0,989.0,20.0,490.0,20.0,5895.0,228.0,16000.0,16000.0,16000.0,14230.0,9006.0,16000.0,9138.0,10171.0,747.0,3917.0,9986.0,2606.0
M11722_at,3282.0,7480.0,4537.0,1595.0,4830.0,5653.0,1327.0,1671.0,1644.0,5433.0,20.0,8791.0,7540.0,1487.0,6603.0,7216.0,7369.0,4357.0,4614.0,8700.0,12307.0,106.0,249.0,20.0,221.0,445.0,80.0,123.0,20.0,120.0,74.0,20.0,20.0,51.0,20.0
M31523_at,1320.0,1087.0,1297.0,821.0,1794.0,3923.0,1361.0,828.0,1277.0,980.0,929.0,1955.0,2148.0,1479.0,1467.0,2428.0,1052.0,1751.0,606.0,1484.0,1275.0,253.0,528.0,375.0,446.0,461.0,268.0,388.0,282.0,197.0,110.0,139.0,450.0,196.0,328.0
M84371_rna1_s_at,2911.0,2213.0,2721.0,3739.0,2362.0,643.0,1667.0,1399.0,1955.0,1787.0,658.0,2305.0,2047.0,1681.0,2363.0,2338.0,779.0,721.0,2758.0,1477.0,1995.0,996.0,512.0,383.0,429.0,655.0,126.0,530.0,517.0,676.0,502.0,291.0,1157.0,463.0,535.0
J05243_at,610.0,739.0,1359.0,421.0,765.0,1226.0,894.0,1164.0,344.0,443.0,519.0,773.0,853.0,615.0,861.0,598.0,510.0,233.0,994.0,786.0,382.0,20.0,230.0,220.0,288.0,336.0,151.0,109.0,352.0,135.0,48.0,294.0,195.0,21.0,282.0
M89957_at,2150.0,3825.0,2137.0,811.0,4218.0,2203.0,742.0,935.0,2815.0,3014.0,20.0,1937.0,1713.0,2194.0,3021.0,2456.0,521.0,2578.0,20.0,2751.0,2639.0,20.0,308.0,20.0,20.0,275.0,20.0,20.0,53.0,20.0,20.0,20.0,20.0,20.0,20.0
